   1      "ao-r+ah"    1    1.019951   3.902912   7.739964
   2      "ao-r+iy"    1    1.013615   4.742442   7.832934
   3      "ao-r+jh"    1    1.018702  24.946430   1.043959
   4         "t+uw"    6   19.995243  26.925650  77.057434
   5      "ah-w+ah"    1    0.999922   0.999946   6.387197
   6      "ah-w+eh"    1    1.006323   5.542133   1.031021
   7      "ey-w+eh"    1    9.040703   5.005455   1.000028
   8         "t-er"    5   53.085506   5.096663   9.044285
   9       "d-eh+p"    1    5.951909  14.880366   2.743947
  10         "t-uw"    6   48.992626  15.931249 109.663322
  11      "iy-d+ah"    1    0.999974   0.999974   0.999974
  12           "ow"    5   33.353615 162.309357  68.716980
  13           "sp"  245  7735.224121
  14         "aw-n"    2    9.474902  69.355476   3.412587
  15         "aw-t"    3   12.781923  25.825686  15.278072
  16      "m-ey+sh"    2   13.171599  48.354431   5.932049
  17       "g-ih+f"    1    3.988287   9.947829   4.127693
  18         "ay-n"    5   31.379967  70.807449  40.446304
  19         "ay-t"    4   20.922293  50.416832  24.484289
  20         "ay-v"    5   48.609718  17.152384 112.529137
  21         "ay-z"    1    6.224777  10.817884   0.999999
  22      "ae-k+ch"    1    1.003657   0.999949   1.000365
  23       "n-f+ao"    1    2.365175   0.999890   0.999890
  24       "n-f+er"    1    0.999899  15.255228  25.926558
  25      "er-iy+m"    1    5.079030   1.000106   1.081083
  26      "y-ah+ng"    6   22.513676   7.488409  13.705235
  27       "m-b+aa"    1    1.039106   1.002477   1.033505
  28       "m-b+ah"    2    2.000232   2.000053   2.949680
  29       "f-g+ae"    1   74.478050   1.999784  46.216888
  30         "l+ae"    1    0.999998   0.999979   0.999980
  31         "l+ah"    1    5.277394   1.007340   6.482400
  32         "l+aw"    2   21.150984  18.371202   2.006984
  33         "l+eh"    2    2.672755   1.999951   2.000406
  34         "l+ih"    2    1.999797   1.999797   1.999817
  35       "b-ey+s"    1   36.182423   1.024447   6.891064
  36         "l+ow"    1   17.205971  21.769569   1.000686
  37      "ch-ah+w"    1    3.004864   1.007479   1.001292
  38         "l-ey"    1    1.532419   9.461272   5.685760
  39         "l-ow"    2    2.064135  23.405624  18.716518
  40       "g-ae+n"    1    1.000466   1.001446   1.748843
  41       "g-ae+t"    1    1.004018   1.021508   9.553549
  42     "ah-dh+er"    1    7.113059   0.999872  40.990421
  43        "k-s+f"    1    1.483165   9.592044   1.007192
  44        "k-s+p"    1    2.521974   1.012014  13.421818
  45        "k-s+t"    1    1.175161   1.000525  10.053819
  46      "ch-iy+v"    1    3.272488  20.886259   1.617371
  47      "jh-ah+n"    1    1.000719   1.000101   1.002009
  48      "jh-ah+t"    1    1.098097   1.009830   2.513417
  49       "g-ah+z"    1    1.294407   1.000479   1.016013
  50      "ih-s+ah"    1    1.002774   0.999975   7.996176
  51       "d-ey+l"    1    0.999934   1.000328   0.999934
  52       "d-ey+r"    1    6.244793   1.031926   0.999970
  53       "d-ey+t"    1    1.000071   4.759272   1.101431
  54      "r-uw+hh"    1    1.000584   3.608292  11.404840
  55        "th-ah"    1    6.873827  18.199617   1.115432
  56       "k-ih+p"    1    1.973079  13.449046   7.514061
  57      "er-ay+z"    1    6.106363   9.027678  13.823252
  58      "l-eh+zh"    2   20.362947  20.864500   6.069402
  59      "g-er+ih"    1    0.999995   0.999995   0.999995
  60      "iy-m+ae"    1    2.022122   6.034470   6.864860
  61      "iy-m+ey"    4    8.412561  14.569969  10.983482
  62        "n-d+z"    1    4.173687   1.147179  24.679218
  63         "d+ae"    2    6.122792   5.469925  47.128719
  64         "d+aw"    1    1.108934   1.664940  47.795620
  65         "d+ay"    6   11.971891  37.244633 238.777206
  66         "d+eh"    1    3.496800  22.193090  28.303545
  67         "d+ey"    2    2.904914   4.114155  48.737026
  68         "d+ih"    3    5.045630  19.475412  88.513268
  69      "ah-g+eh"    2   29.812794   3.006919  29.516731
  70      "aa-l+ah"    2    6.970470   4.279566   1.999713
  71       "k-aa+l"    1    1.128313   9.102211   4.018072
  72       "k-aa+m"    1    4.619693  11.961930   1.327154
  73       "k-aa+p"    1    4.396206   7.487086   1.646054
  74      "aa-l+ih"    1    3.642323   1.425305   1.031419
  75      "aa-l+iy"    1    5.528028   1.000005   1.000019
  76      "er-l+ih"    1   22.000763   0.999917   0.999948
  77      "uw-t+ao"    1    5.986652   0.999686   0.999682
  78      "uw-t+er"    6   19.744808  69.403755  13.684686
  79         "d-er"    2   32.890038   3.909847   2.092968
  80         "d-iy"    1    3.249418  12.286448   7.945293
  81       "r-uh+k"    1    0.999931   5.016079  16.982376
  82      "ae-t+ah"    1    2.000112   0.999998   0.999997
  83      "ae-t+er"    1   38.998196   2.770518   2.129738
  84       "m-ih+d"    1    1.011740   8.995422   1.003306
  85       "m-ih+n"    1    1.419380   7.973165   1.249362
  86      "l-ey+er"    1    5.934096  23.136930   1.001706
  87       "r-w+er"    1    6.397191   0.999841   1.003876
  88       "l-eh+k"    1    3.000305  12.476031   1.525777
  89      "g-ah+th"    1    2.838891   1.840531   3.001879
  90       "k-ah+l"    3    6.766594  22.240307   7.271745
  91       "k-ah+m"    5   12.471970   7.011621  15.897895
  92       "k-ah+n"    1    0.999919   0.999929   0.999925
  93       "k-ah+p"    1    3.088681   9.544441   1.004873
  94       "s-b+oy"    1    0.999983   1.000869  17.997673
  95       "l-g+er"    1    0.999995   0.999995   0.999995
  96     "eh-zh+er"    4   55.014137  75.390038  53.429508
  97       "p-uw+d"    1    0.999895   0.999895   0.999895
  98     "ey-zh+ah"    1   19.450243  20.535778  56.977631
  99      "n-ch+er"    1    0.999823   0.999823   0.999823
 100     "ey-zh+ih"    1    1.000146   0.999963   0.999963
 101       "b-y+uw"    1    0.999909   0.999982   1.000346
 102       "t-w+eh"    1    7.411341   3.999185   2.670624
 103       "t-w+ey"    1    4.490990   6.501517   1.013409
 104       "m-ae+n"    1    1.009420   1.004576   1.016863
 105       "n-eh+k"    1   15.267962  15.107144   4.545713
 106      "aa-d+iy"    1    1.000219   0.999972   0.999972
 107        "n-s+d"    1    1.000967   0.999913   1.000951
 108        "n-s+t"    1    3.001977   1.475428  11.518533
 109        "n-t+r"    1    5.067150   0.999920   0.999918
 110      "ae-l+ah"    1    1.000045   0.999951   0.999954
 111       "m-ah+n"    1    0.999944   0.999969   1.000526
 112       "m-ah+t"    1    0.999896   0.999883   0.999909
 113       "m-ah+z"    1    5.683421  10.586226   1.453817
 114       "k-ao+l"    5   41.169724  14.373101 121.743225
 115      "ah-ng+k"    1    9.270082   9.817815   2.002376
 116       "g-l+ae"    1    3.786860   1.011744   0.999842
 117      "eh-v+ah"    5   21.515165   7.470955   5.177595
 118      "iy-v+iy"    1    5.515132   0.999852   0.999765
 119      "uh-r+ih"    1    1.000143   1.176555   1.677576
 120      "l-hh+eh"    1    2.342572   2.028753   0.999792
 121         "m+eh"    3    4.994600   5.694439  16.483679
 122         "m+ey"    1    1.046638   1.010406   6.034195
 123         "m+ih"    2    4.031446   2.002022  22.327955
 124     "ah-th+ah"    1    2.522910   1.187431   2.148179
 125     "uw-ey+sh"    1    9.942801  27.178122   1.330254
 126      "ah-p+ah"    1    1.028103   0.999984   0.999975
 127      "ah-p+er"    1    1.016896   3.556539  48.246994
 128      "f-er+th"    1    0.999894   0.999916   0.999895
 129       "aw-n+d"    1    0.999999   0.999993   0.999993
 130       "aw-n+t"    1    0.999974   0.999974   0.999974
 131       "l-ey+n"    5   39.065483  21.911373  50.675907
 132       "l-ey+t"    1    5.086612   1.026512   5.555739
 133       "k-aw+n"    1    2.969065  17.337879   2.250056
 134       "s-ih+k"    5   22.962149  83.786507  12.221031
 135       "s-ih+n"    1    3.999176   9.819426  10.166681
 136       "t-uw+t"    1   10.997033   6.979725   1.015500
 137      "m-er+sh"    1    0.999948   1.000568   1.002613
 138      "ih-t+ah"    3    8.041412   5.000905   4.793110
 139      "uw-d+ah"    1    1.000293   1.014671  17.519136
 140       "r-eh+d"    1    4.984138   0.999937   1.006536
 141       "s-k+aa"    1    1.886773   2.108973   4.466303
 142       "s-k+ih"    1    1.048934   1.000184   1.000153
 143      "ae-d+ah"    1    1.000064   0.999907   0.999905
 144      "eh-n+ah"    1    0.999989   0.999989   0.999989
 145      "eh-n+ch"    1    0.999823   0.999823   0.999823
 146      "eh-n+ih"    1    1.000260   0.999986   0.999986
 147       "s-aa+f"    2    8.192318  13.157043  65.645767
 148       "s-aa+l"    1    0.999733   0.999733   0.999849
 149        "d-s+t"    1    2.095243   1.000381   0.999988
 150       "p-er+v"    1    0.999722   0.999723   0.999767
 151     "aa-hh+aa"    1    1.305131   3.433775  16.758984
 152      "ae-sh+b"    1    0.999899  46.940025   2.393986
 153      "aa-m+ah"    1    1.362186   2.495453   1.000582
 154       "s-ae+d"    1    2.133334   1.993870   2.916591
 155     "uw-hh+aa"    1    2.274603   1.896928   5.495142
 156         "th+r"    5    6.025532  12.774845 194.188141
 157       "s-ah+n"    1    3.335591   1.221252   7.459849
 158         "v+aa"    3    4.043985   4.078536 119.887451
 159         "v+ae"    1    1.265495   6.290177   1.693298
 160      "ih-l+er"    1    9.153994   1.815716   1.002444
 161      "ih-l+ey"    1    5.763600   0.999825   1.008966
 162       "b-oy+z"    1   20.999933   7.000591  16.279854
 163      "ih-l+ih"    1    1.049581   1.001508   1.551796
 164      "hh-ah+l"    1    1.013376   5.749550   1.095462
 165      "ih-l+ow"    1   11.872937   1.056780   0.999928
 166        "zh-ah"    2    6.043572  12.378636   3.636758
 167        "zh-er"    4   74.267784   5.717620  25.120525
 168      "th-r+ay"    1    2.178128   2.961561   1.051292
 169      "th-r+iy"    5   66.417450  29.568647  79.216110
 170      "k-hh+ey"    1    9.712967   1.484969   0.999931
 171       "v-eh+l"    1    4.629768   9.882498  11.327415
 172       "v-eh+n"    1    3.086743   0.999871   1.912338
 173      "v-iy+ah"    1    5.182939   7.814492   3.346621
 174       "t-er+z"    2   63.956894   1.999804   2.004477
 175       "r-ey+d"    1    0.999974   0.999974   0.999974
 176      "uw-m+ah"    1    1.021058   2.794819   5.763960
 177     "ih-dh+ah"    2   10.636966   5.771396   2.646924
 178       "s-t+aa"    2    2.001455   2.824421   2.097970
 179       "s-t+iy"    6   10.202590   9.299740   8.568505
 180       "l-y+ah"    1   56.984596   0.999733   0.999733
 181      "l-er+ey"    1    0.999994   0.999995   0.999995
 182      "l-er+iy"    1    0.999871   1.000091   0.999884
 183       "l-y+uw"    3  150.245224   4.998935   2.999328
 184        "ch+oy"    1    1.279309  42.952049  16.025700
 185     "ey-sh+ah"    6   46.968884 216.766403   8.878645
 186        "ch-er"    2    2.008989   2.000809   2.000836
 187         "n+ay"    5   13.289914 134.500809  67.009544
 188       "f-ow+n"    5   13.754219 115.759682  50.077435
 189         "n+eh"    1    1.007331   3.115909  27.070103
 190      "ih-d+ah"    1    0.999976   0.999976   0.999976
 191         "n+iy"    1    1.268710  53.287567  29.745047
 192      "ao-l+dh"    1    2.698328   2.231596   1.008130
 193       "w-ah+l"    1    1.000465   4.627809   1.110862
 194       "w-ah+n"    5   19.976124  40.316174  32.806137
 195       "t-ey+t"    1    0.999980  24.939280  10.114843
 196      "er-v+ae"    1    0.999729   1.051568   1.939562
 197      "hh-aw+t"    1    1.027010   1.029382   1.973393
 198       "n-y+ah"    1   46.704159   1.000216   0.999925
 199       "s-ay+k"    1    2.125589   2.015755  14.114419
 200       "s-ay+l"    1    5.084222   2.785672   3.530937
 201      "ih-sh+m"    1    0.999979   0.999979   0.999979
 202      "ay-k+ah"    1    1.028679   1.885736   3.950816
 203      "n-ih+th"    1    2.139035   9.367286   7.320997
 204       "b-r+ay"    2    2.146707   2.812415   2.045169
 205       "b-r+ih"    1    1.000439   3.179266   1.809353
 206       "w-iy+k"    1    2.100990   8.897408   0.999925
 207       "b-r+uh"    1    0.999931   0.999931   0.999931
 208       "b-r+uw"    1    0.999838   1.369834   3.309042
 209     "hh-aa+hh"    1    1.000166   3.649802   4.618568
 210      "d-ih+jh"    1    6.016285  10.981748   1.001101
 211      "d-ih+ng"    1    5.293489   9.481826   5.243653
 212       "y-ah+b"    1    0.999733   0.999733   0.999733
 213       "y-ah+l"    1    5.545569   1.009008   1.003964
 214       "y-ah+t"    2    5.354559   8.307532  11.745920
 215       "p-y+ah"    2   63.977486   1.999972   1.999953
 216      "uh-k+eh"    1    1.779227   1.067399  46.116882
 217      "n-iy+zh"    1   12.263691   9.724177   1.012445
 218       "p-y+uw"    5    6.502529   7.999450  21.222588
 219      "uh-k+hh"    1    1.002198   1.021216   1.300970
 220         "f+ao"    7  211.588928 101.594040  13.480248
 221         "f+ay"    5  127.465248  71.156708  11.485511
 222         "f+iy"    1    1.469877  19.988396   1.005205
 223         "f+ow"    5  108.910637  83.157257  11.983545
 224      "ay-ah+l"    5   15.784837  33.612690  15.692855
 225      "ay-ah+t"    1    1.014020   5.926101   3.488405
 226         "uh-d"    1    8.141235   1.322999   5.161164
 227      "aw-t+uw"    1    6.142687   1.004217   1.000182
 228         "w+ah"    5   54.791725  45.057266  51.479633
 229         "w+eh"    2   20.857189   9.935493   2.014851
 230         "w+iy"    1    4.187582   4.017747   0.999975
 231         "w+uh"    1    1.015953   0.999991   1.000136
 232      "ah-z+ey"    1    1.000625   0.999892  10.790882
 233       "s-d+ey"    1    1.000553   1.108888  14.368374
 234       "l-ow+n"    1    1.851743   0.999986   0.999986
 235         "w-ey"    1   10.810535   1.168560   8.149128
 236       "z-ey+b"    1    1.006095  12.658832   1.416463
 237     "ah-ch+iy"    1   13.995136  19.004042  28.268114
 238      "w-eh+dh"    3    5.360933  22.114609  27.375305
 239      "ay-t+ah"    2    5.777506   5.003944   2.000097
 240      "ay-t+ih"    1    3.815908   1.723789   0.999977
 241        "sh+ae"    1    1.002036  50.988270   1.000474
 242        "sh+ow"    1    2.012600  17.850348   3.137134
 243          "b+l"    1    1.001421   1.999917   2.031118
 244          "b+r"    5    5.553361   9.692729   6.311352
 245        "sh-ow"    1    0.999975   0.999975   0.999981
 246      "l-dh+ow"    1   13.934702   1.117443   2.111214
 247          "d-z"    2    6.254233   8.517837   4.147463
 248        "ow-er"    1    1.989097   1.000257   1.002270
 249          "g+l"    1   59.970650   2.934098   3.188558
 250      "d-ae+sh"    1    0.999886   0.999886   0.999886
 251         "uw-b"    1    0.999999   0.999999   0.999999
 252         "uw-m"    1    0.999942   0.999940   1.014505
 253         "uw-t"    1    3.983729   4.033007   1.073290
 254      "ey-r+iy"    1    9.938520   1.046530   8.704581
 255          "k+r"    4    9.968684  10.024988  11.652514
 256          "k+w"    1    1.130336   2.869270   1.003633
 257          "k+y"    4    5.352652   4.344098  13.264872
 258          "k-s"    6   14.714045  42.562843  81.388336
 259      "ay-l+ah"    1    2.064390   1.000049   1.000217
 260          "l-p"    2    2.000797   7.918499  78.874069
 261          "l-t"    1    5.526284  12.397887   4.963062
 262          "l-z"    3   11.172892  49.012936   9.991955
 263      "sh-b+ao"    1    2.697912   2.198431  33.075577
 264          "m+y"    1    2.063938   1.004609  56.998428
 265          "m-z"    1    4.889335  20.989960   5.081373
 266          "n-d"    3    3.732815   4.682103  57.488159
 267          "n-s"    1   12.112985   1.119595  25.765055
 268          "n-t"    3   12.132956  24.022745  23.433081
 269      "ih-v+eh"    1    3.060772   0.999876   0.999792
 270     "ih-jh+ah"    2    1.999885   7.995597  16.784004
 271          "p+l"    2    3.204550   4.051512  71.824326
 272          "p+r"    1    0.999795   1.004715  44.181385
 273          "p+y"    2    2.000099   4.383276  58.808754
 274       "l-r+ay"    1    1.001672   1.003321   4.846141
 275       "uw-m+y"    1    1.029187   1.001002   1.000039
 276        "ih+sh"    1    0.999979   0.999979   0.999979
 277         "eh+r"    2   10.007384   8.801521   2.059002
 278         "eh-d"    2    5.471707   7.090351  65.930634
 279         "eh-l"    1    1.681096  10.038367   8.441307
 280         "eh-r"    1    1.050870   1.000215   0.999843
 281         "eh-t"    1    3.256764   9.053280   4.776335
 282      "aw-d+er"    2    5.849160   2.313972   3.216637
 283        "m-p+l"    2    5.691642   2.741949   1.999904
 284        "m-p+y"    5    9.204380  15.752562 110.819328
 285          "r-d"    1    5.066347   1.017272   1.185508
 286          "r-t"    1    3.550697   7.720052   5.693067
 287      "eh-p+th"    1    6.419631   1.000601   0.999875
 288       "r-ow+b"    1    8.097163   2.160792   1.002336
 289        "ih-ng"    5   17.998121  27.468573 104.475388
 290      "uh-l+hh"    1    4.254751   1.003920   1.316470
 291          "s+k"    2    9.047892   5.033573  23.913568
 292          "s+t"    8   39.099739  35.788204  33.039143
 293          "s-t"    3   11.943898  16.677423  12.404841
 294        "ih-sh"    1    1.005836   1.003486   1.250466
 295        "ih-th"    1   14.077997   1.979894  50.988590
 296         "g+ae"    1   91.858955   2.999867   5.419382
 297         "g+ah"    1   47.952709   2.999605   5.741638
 298         "g+ey"    1   18.512026   2.000000   4.085905
 299         "g+ih"    1   56.571053   1.933221   0.999860
 300          "sil"   80  656.758545 7735.224121 518.668640
 301       "b-ih+k"    1    4.170922  12.802943   2.009546
 302       "b-ih+l"    1    2.522892   5.447335   1.069458
 303       "b-ih+t"    1    2.278798  13.711378   1.005434
 304        "iy-ah"    3   10.052953  22.966269  11.106685
 305       "m-n+iy"    1    0.999999   0.999999   0.999999
 306      "ih-n+iy"    1    0.999934   0.999934   0.999934
 307       "b-aa+d"    1    3.141991  12.805337   3.078947
 308       "b-aa+k"    1    3.950713  18.721264   6.277817
 309       "b-aa+l"    1    4.952643  12.704964   1.221419
 310         "er-d"    1    1.014276   2.179742  14.281693
 311         "er-z"    2    2.992132   1.999795   1.999795
 312      "ih-n+th"    1    1.013373   0.999947   0.999947
 313       "d-ih+l"    1    4.202154   1.011832   3.182391
 314       "d-ih+v"    1    7.369122   1.137627   3.429266
 315       "p-r+iy"    1   11.020416   4.052857   4.898026
 316       "b-ae+k"    1    1.229721  23.029600   2.510278
 317       "b-ae+t"    1    1.000089   1.061054  14.753267
 318      "ah-b+aa"    1    0.999972   1.000171   1.022656
 319      "ah-b+ah"    1    0.999733   0.999733   0.999733
 320      "ah-b+aw"    4  107.839424   5.584612   7.293459
 321      "ah-b+ey"    1    1.060051   1.834622   3.177740
 322      "ey-b+ow"    1    0.999899   0.999897   1.070665
 323     "er-zh+ah"    1   15.163067  16.330439  25.712894
 324       "d-aa+m"    1    7.068469   5.919246   1.153022
 325         "ey+t"    5   49.883087  23.799194  61.079361
 326       "b-ah+l"    3    4.001644   5.003153   5.041092
 327       "b-ah+n"    1    1.050720   1.000093   1.001117
 328       "b-ah+s"    1    1.008156   1.000003   1.009333
 329         "ey-d"    2   11.408586   3.256426  11.996331
 330         "ey-l"    3   26.649427  13.397677  18.216866
 331         "ey-n"    5   42.684029 133.417953 147.065063
 332         "ey-s"    1    3.876915   1.893396  28.661608
 333         "ey-t"    6   29.690132  58.951080  35.757881
 334       "k-w+ay"    1    0.999906   2.610669   1.314260
 335       "d-ae+n"    1    3.268637   1.777726   9.336972
 336      "sh-ae+m"    1   10.939766   3.173318   6.553478
 337       "b-iy+t"    1    1.176311  16.291670   1.058953
 338         "p+uw"    1    1.000769   2.633780  71.616608
 339         "p-er"    1    1.190959   1.075531   3.968575
 340       "d-ah+l"    5   13.992110  10.771338   9.648177
 341       "b-ao+r"    1    2.922657   2.060377  10.972621
 342      "sh-ah+l"    1    2.999821   0.999933   1.000074
 343      "sh-ah+n"    7    7.260898   7.908734   7.060514
 344         "p-th"    1   19.296545   2.785364  45.792938
 345       "t-r+ih"    1    1.437193   6.438890   4.072611
 346       "t-r+iy"    1    1.122163   1.248109   1.000343
 347      "jh-eh+s"    1    4.099164  12.890007   2.047106
 348       "g-eh+n"    1    1.089726   1.947198   4.655081
 349      "n-ey+sh"    1    4.768873  22.514292   1.857532
 350      "zh-ah+n"    1    7.702400   2.533916   4.625011
 351      "ae-g+ah"    1   68.496735   2.996642  18.978981
 352      "er-ey+d"    1    0.999913   0.999913   0.999913
 353       "b-aw+n"    1    5.045677   7.872987   1.721419
 354       "b-aw+t"    3   38.239422  50.767834  18.521423
 355      "ah-k+aw"    1    2.110539   1.051539   6.333182
 356      "aa-p+iy"    1    2.858453   1.008058   0.999936
 357       "f-iy+m"    1    3.908745  13.021522   1.027111
 358      "p-ah+ng"    1   19.746307   1.133860   1.026657
 359       "f-ao+r"    9   16.987421  33.609760 118.389534
 360       "b-l+ey"    1    7.251556   1.001455   1.022721
 361       "d-aw+n"    1    8.999837  24.915733   4.535905
 362       "l-ih+s"    1    9.984125   9.059345   2.946062
 363       "l-ih+t"    1    8.969501  14.113407   1.875968
 364         "y+ah"    6   10.015470  12.931325  70.525581
 365       "f-t+er"    2    1.999876   1.999876   2.000442
 366        "f-t+w"    1    3.572005   0.999851   0.999851
 367       "s-f+ao"    1    0.999971  10.107925   1.998371
 368       "k-eh+n"    5   16.028980  31.843210  36.014324
 369         "y-ah"    1    0.999925   0.999926   0.999926
 370        "s-p+l"    1    6.017452   0.999836   0.999836
 371         "y-uw"    1   15.241936  57.750854   2.461108
 372       "ey-l+z"    1   15.892346  10.017413   1.104705
 373       "ao-l+r"    1    3.080725   1.002770   0.999997
 374       "ao-l+t"    1    1.055947   5.936883   0.999903
 375       "g-ey+t"    1    5.316482   1.025236   9.576688
 376        "s-t+r"    1    3.406303   5.127087   0.999954
 377      "w-ay+ah"    1    1.000351   7.630746  14.378782
 378      "hh-uh+d"    1    0.999845   4.994038  18.037451
 379      "uw-p+ah"    1    4.057508   5.942061   0.999884
 380     "ay-jh+eh"    1    0.999999   5.003280   9.983608
 381      "uw-p+er"    1    1.020629   1.929365   0.999722
 382       "f-ay+v"    5    6.271196  26.342318  57.121849
 383       "l-ae+d"    1    1.002473   1.021371   8.986292
 384       "l-ae+n"    1    0.999979   0.999979   0.999979
 385       "m-eh+t"    1    1.908562  13.977961   1.831722
 386       "b-d+aa"    1    1.006424   0.999980   0.999980
 387       "ae-b+d"    1    0.999980   1.001683   1.000795
 388       "ao-r+d"    1    4.879784   1.023142   1.000074
 389       "ao-r+m"    1    1.045915   1.891879  11.089188
 390       "ao-r+w"    1    1.154763   5.554181  17.088770
 391       "ey-t+w"    1    4.383478   1.606310   1.005722
 392       "l-ah+n"    2    2.257793   3.295640   7.657221
 393       "l-ah+p"    1    3.234677   6.078455   2.753686
 394       "l-ah+s"    1    5.545862   1.000313   5.901839
 395       "l-ah+t"    2    4.892300  14.782228   2.573839
 396       "l-ah+v"    1   19.059402   9.740470   3.204985
 397       "l-ah+w"    1    0.999988   1.005175   1.002219
 398       "k-er+l"    1    0.999956   0.999956   0.999955
 399       "ae-d+v"    1    0.999862   1.000073  10.344735
 400       "ae-d+w"    1    1.000111   0.999840   0.999839
 401      "ah-t+ah"    2    6.498524   1.999895   2.001236
 402      "ah-t+ey"    2    7.581108   1.999961   1.999961
 403      "ey-t+ah"    2    4.558669   3.464439   2.000685
 404     "er-sh+ah"    1    1.016748  99.036034   1.018706
 405      "ah-t+ih"    1    3.768158   1.002999   1.004685
 406       "ae-f+g"    1    3.511306   0.999886   0.999883
 407      "v-er+zh"    1    0.999994   2.389568   1.000005
 408      "t-ey+sh"    1    0.999985  50.511883   1.108642
 409       "n-ah+l"    2    4.995598   5.798250   2.082558
 410       "w-uh+d"    1    1.185032   5.000568   7.999304
 411       "ae-k+y"    1    1.217299   2.075597  64.820488
 412       "r-ih+b"    1    8.025871   1.015710   5.939538
 413       "r-ih+t"    1    5.009925  10.933734   1.066981
 414       "ae-l+g"    1    6.003957   2.022628   1.053664
 415       "ae-l+y"    2    1.999375   1.999375   1.999414
 416       "s-uw+p"    1    4.031049  29.592863  26.408339
 417       "l-t+ah"    1    5.166158   1.081209   1.007532
 418       "ae-m+n"    1    1.706895   6.697550   1.000795
 419       "ae-m+p"    3    4.460196   9.683742  15.086936
 420      "iy-r+ay"    1    0.999936   1.853899   1.001124
 421       "ae-n+f"    1    1.358415   0.999899   0.999899
 422       "ae-n+s"    1    1.000059  22.304100   2.214104
 423      "eh-r+ow"    1    1.212324   1.098299   9.326242
 424      "iy-r+ow"    5   18.706493  11.433489  47.598400
 425       "n-iy+d"    1   17.056173   9.998028   0.999974
 426       "n-iy+k"    1    2.001387   7.993080   1.004696
 427         "ow-m"    1    1.003590   6.592155   1.310545
 428         "ow-n"    6   31.169003 145.378281  59.505093
 429        "ey+zh"    1   13.070995   1.011398   7.966194
 430      "ah-l+ah"    1   19.855528   1.287431   1.000617
 431      "ah-l+eh"    1    1.000000   1.000000   1.000000
 432      "ah-l+er"    1   10.875424   1.001647   1.000040
 433       "p-ah+l"    1    1.000201   1.000208   0.999976
 434      "ah-l+ih"    1    3.720684   1.003851   0.999874
 435      "ah-l+ow"    2    9.635899  37.761421   2.003863
 436       "m-ey+d"    1    9.012630   1.002094  15.794909
 437       "m-ey+l"    3    8.262702  23.127987   7.907906
 438       "m-ey+w"    1    4.346534   3.312565   1.198308
 439        "ey-er"    1    1.185631   1.000700   1.007433
 440       "y-uh+r"    1    0.999999   4.052478  15.987203
 441       "l-aw+d"    2   21.856833   3.522058  16.919857
 442         "oy-n"    1    8.030305  56.693607   1.494199
 443         "oy-s"    1    1.006702   1.000068   4.069574
 444         "oy-z"    1    1.000148   1.710355   1.776403
 445        "ey-zh"    1   25.963133   1.024539  46.920666
 446       "t-ih+l"    1    5.066151   1.877887   5.949800
 447       "t-ih+r"    1    5.068762   4.066203   3.236683
 448       "t-ih+v"    1    4.018108   9.287460  10.857430
 449       "n-t+aw"    1   17.982430   1.003877   1.010458
 450      "y-uw+ey"    1    1.729750  28.415407   0.999930
 451     "er-ih+dh"    1   14.252851   3.183653   4.571266
 452       "s-eh+v"    5   24.575300  28.537378   9.764123
 453       "p-iy+r"    1    0.999936   0.999936   0.999936
 454         "z+iy"    5   23.838570  23.996189  37.329628
 455      "hh-eh+d"    2    7.875967  34.920731  16.231792
 456      "hh-eh+l"    4    7.022676   4.003585   7.994775
 457     "th-iy+ah"    1    4.994658   5.304533   1.696305
 458       "t-aa+p"    1    6.696379  18.890528   1.304549
 459       "t-aa+r"    1    5.140963  18.690493   6.846048
 460       "r-ah+m"    2    5.905284  16.836287   8.745638
 461       "n-ay+n"    5   38.343285  61.968220 145.988007
 462      "b-ey+zh"    2   27.910830  13.634793   4.119450
 463      "sh-m+ey"    1    1.012990   0.999964   4.732663
 464       "r-iy+m"    3    8.033488  13.525784  15.188158
 465       "r-iy+v"    1    1.019853   1.003118   3.484948
 466      "ey-d+ah"    1    0.999974   0.999974   0.999974
 467       "oy-l+z"    1    0.999982   0.999982   0.999982
 468        "hh+ah"    1    4.711361   4.715958   2.439456
 469        "hh+aw"    1   19.087103   6.973328  11.770739
 470        "hh+eh"    4   44.173603  27.859188  44.296295
 471        "hh+ow"    1    1.647794  10.375534   0.999936
 472        "hh+uh"    1    3.064643   5.930871   1.002948
 473        "hh+uw"    1    1.030540   8.980191   1.001730
 474       "v-aa+k"    1   11.036313  12.786819   1.176840
 475       "v-aa+l"    3   50.080334  29.690201  20.399698
 476       "t-ah+b"    1    1.000046   0.999929   2.077895
 477       "t-ah+g"    1    1.002883   1.059059   1.682054
 478       "t-ah+l"    6   10.026789  17.293814  13.230475
 479       "t-ah+n"    4   12.908460  17.140070  29.879131
 480       "t-ah+s"    1    1.005836   1.202905  18.884523
 481      "n-ah+dh"    1    5.022640   7.075087   3.791846
 482        "l-p+l"    1    0.999883   0.999883   0.999883
 483        "hh-aa"    1    0.999844   1.115577   6.271452
 484       "ah-k+y"    1    2.152158   1.003343   1.000000
 485        "hh-uw"    1    4.955882   1.003817  18.203201
 486       "y-uw+b"    2   11.752983  30.455139   2.000296
 487       "y-uw+m"    3   23.692074  14.344647  18.218126
 488       "y-uw+p"    1    1.038411   8.959032   1.001240
 489       "y-uw+t"    6   33.270374  57.051426  13.578956
 490       "y-uw+z"    1   20.975199   7.956478  12.071995
 491       "ah-l+z"    1    1.000470   6.800439   0.999984
 492       "r-t+ih"    1    3.666872   1.031832   1.000605
 493       "ah-m+b"    2    2.152826  15.875412   2.005026
 494       "ah-m+p"    4    6.882182  28.393278  68.108673
 495       "ah-m+z"    1    1.026138   1.510204   1.020201
 496       "k-y+uh"    1  100.012115   2.541307   3.419100
 497       "k-y+uw"    5  149.796707   8.841819   8.710744
 498         "r+ay"    1    1.000780   1.263924   1.008729
 499         "r+eh"    1    1.002450   5.900287  29.128662
 500       "v-ae+l"    2    1.999379   1.999375   1.999375
 501         "r+ih"    1    1.000000   4.385936   1.008595
 502       "w-eh+l"    1    0.999882   1.317260   1.012533
 503       "w-eh+r"    1    0.999974  19.257746   1.022071
 504       "w-eh+t"    1    1.002725  10.102360   4.780561
 505       "ah-n+d"    1    6.877687  28.981850   1.303211
 506       "ah-n+s"    1    0.999965   0.999965   0.999965
 507       "ah-n+t"    4    7.256803  78.828133  31.901947
 508       "t-iy+v"    6   40.594906 111.393936  38.131577
 509         "r-iy"    5   16.584436  49.302956  63.057308
 510         "r-jh"    1   58.015930   0.999936   0.999939
 511         "r-ow"    5   13.960024  25.829624  39.960590
 512       "v-ah+n"    6   16.439747  66.974709  33.893158
 513       "t-ao+r"    1    1.175548   4.332944   3.902582
 514       "p-l+ah"    1    3.452688   0.999892   0.999864
 515       "p-l+ey"    6   69.201241  14.371932  30.118807
 516      "k-ch+ah"    1    0.999940   0.999938   8.003744
 517      "k-ch+er"    1    0.999859  39.979568   0.999862
 518       "eh-d+z"    1    0.999778   0.999778   0.999778
 519       "z-ih+k"    1    0.999983   0.999976   1.000054
 520      "hh-ey+v"    1    8.260132   2.535021   3.594627
 521       "ah-s+b"    1    1.001439   0.999983   0.999985
 522      "d-ay+ah"    5   54.317062  14.957330  53.395260
 523       "m-y+ah"    1  121.805870   1.988824   1.376079
 524      "d-ay+jh"    1    4.751658   3.543687  14.704957
 525       "r-ay+t"    7   23.272181  35.413361  97.003731
 526      "ch-oy+s"    1   23.926146   6.115272  21.861427
 527       "m-y+uw"    1   63.921028   1.987766   1.003006
 528      "ng-k+ch"    1    0.999869   0.999850   0.999851
 529       "n-d+ih"    1    2.927147   0.999976   0.999976
 530       "w-er+d"    1    0.999862   1.748468   1.010550
 531       "t-aw+n"    1    4.393980  10.572968   8.828699
 532       "eh-k+s"    1    1.077687   2.788033   1.035689
 533     "zh-ih+ng"    1   10.038817  13.424459  14.535255
 534       "d-v+eh"    1    0.999828   0.999828   1.652674
 535      "l-ow+er"    1    0.999784   0.999687   9.018152
 536       "eh-l+m"    1    0.999883   0.999883   0.999883
 537       "eh-l+p"    3    3.000565   3.712646  12.338826
 538       "eh-l+t"    1    2.539827  12.934116   0.999961
 539      "ah-m+er"    1    1.012139   0.999952   1.000799
 540      "aa-r+th"    1    1.320458   1.002599   1.002558
 541      "uw-z+ih"    1    1.000054   0.999976   0.999976
 542       "eh-n+d"    3   10.299983 129.594513   5.100000
 543       "eh-n+s"    1    0.999787   0.999787   0.999787
 544       "eh-n+y"    1    1.120329  22.430256   1.669681
 545      "t-er+ay"    1    1.000000   1.000000   1.000000
 546      "t-er+ey"    1    0.999919   0.999919   0.999919
 547       "ih-b+y"    1    0.999910   1.039324  17.959017
 548       "eh-r+p"    1   25.007298   3.416818   1.855386
 549       "eh-s+t"    1    3.946046   1.218539   9.810270
 550     "ah-hh+eh"    1    7.556906   2.014537   5.977350
 551       "ih-f+t"    1    0.999853   0.999853   1.011369
 552       "l-m+ah"    1    0.999883   0.999883   1.000054
 553       "z-iy+r"    5   19.391022  17.982481  21.142365
 554      "iy-k+ah"    1    1.243844   1.001279   2.771149
 555      "iy-k+eh"    1    1.000810   1.003013   5.967053
 556      "eh-k+sh"    1    1.005535   1.016354  22.959837
 557      "ow-b+ih"    1    1.000464   1.009503   1.020087
 558         "b+aa"    1    1.000493   1.828095   1.006929
 559         "b+ae"    2    2.000003   4.690800  16.715883
 560         "b+ah"    1    1.001325   2.069124  11.986110
 561         "b+eh"    2    2.001565   4.420342   2.748273
 562         "b+ey"    2    2.005524   4.100208  15.318871
 563         "b+ih"    2    2.007676   3.998850   2.013472
 564         "b+iy"    1    1.002157   2.834903   1.004391
 565         "b+uh"    2    2.033790   1.999797   1.999798
 566         "b+uw"    1    1.001554   1.987796   1.005455
 567      "l-ih+jh"    1    7.209630  13.010441  28.777153
 568      "l-ih+ng"    2    2.001596  13.331684   8.426773
 569      "l-ih+sh"    1    1.000220   3.299465  33.677830
 570       "ih-k+s"    6    8.011319   9.000545   6.244127
 571       "k-oy+l"    1   32.005939   8.966352  18.040730
 572       "k-oy+n"    1   19.999012  13.973176   0.999981
 573     "eh-dh+er"    4   20.936405  62.359325  14.985720
 574         "b-ah"    1    1.000943   2.127910   1.348962
 575        "er-th"    1   22.042721   2.388204  34.546062
 576         "b-ow"    1    3.753601  10.261742   6.983485
 577       "ih-n+f"    1    0.999909   4.406188  58.240963
 578       "aa-f+t"    2   40.999046   1.999891   1.999876
 579         "s+aa"    3    9.997921  29.999456   3.950865
 580         "s+ae"    1    4.935257   8.099551   8.870423
 581         "s+ay"    2   13.989789   9.991407  15.930524
 582      "k-sh+ah"    1    9.016177  58.999714   1.000201
 583         "s+eh"    5   17.916544  17.669834  49.361336
 584         "s+ih"    6   21.984240  30.110760  43.901821
 585      "l-iy+ah"    1    1.000754   2.729424   1.002421
 586         "s+uw"    1    4.671121  16.299850   1.023214
 587      "iy-ah+l"    1    1.335557   3.975670   3.397627
 588      "iy-ah+s"    1    1.623119   2.487706   2.540441
 589      "ah-v+aa"    1    1.086121   5.152884  57.996357
 590      "ah-v+er"    1    1.000402   0.999994   0.999994
 591      "ey-v+ah"    1    2.198970   1.003150   0.999931
 592        "ah+ch"    1    1.024073   0.999982   0.999982
 593        "ah+hh"    1    2.991785   1.001304   1.437426
 594       "b-uh+k"    1   43.999985   4.005536  14.991652
 595       "b-uh+l"    1    0.999799   5.894775  14.134907
 596      "g-eh+dh"    1    4.784868  15.665601   2.323125
 597       "aa-k+s"    2    2.012412   2.798135   2.114895
 598        "ah-ng"    6  100.027939  73.526085 169.021057
 599       "aa-l+y"    2    2.135664   4.255380  15.603185
 600       "aa-m+b"    1    1.035133   1.003600   9.536974
 601        "r-p+l"    1    3.027816   1.009753   0.999884
 602         "ih+k"    1    3.999606   5.938789   1.062203
 603         "ih+l"    1    6.277639   4.000856   9.696883
 604         "ih+n"    1    0.999909   0.999909   0.999909
 605         "ih-k"    2    2.856886   2.002192   2.108223
 606         "ih-p"    1    3.775543   4.240830  58.552700
 607         "ih-v"    1    1.609424   1.164925  17.369967
 608      "eh-t+ah"    1    1.189155   0.999934   0.999934
 609      "iy-t+ah"    1    3.033917   0.999983   0.999970
 610       "aa-r+t"    2    2.165326   2.258479   2.014679
 611       "r-m+ey"    1    4.748570   4.879045   3.353608
 612       "k-r+ah"    1    1.010953   1.021548   1.589081
 613       "k-r+ay"    1    0.999937   1.000891   0.999937
 614       "k-r+ey"    1    1.002314   3.831405   4.695764
 615       "k-r+iy"    1    1.002549   3.095785  14.919572
 616       "d-w+eh"    1    7.955688   5.181127   3.253873
 617         "k+aa"    2    3.814393   7.209369   3.094124
 618         "k+ah"    8   11.964090  23.995148  50.064514
 619         "k+ao"    5   19.642870   7.443657   8.419305
 620         "k+eh"    3    4.999862   9.089304  44.061260
 621         "k+er"    1    1.994826   3.000531   1.004377
 622         "k+oy"    2    3.916512   6.233306  17.906178
 623      "ah-n+ah"    2    2.170646  24.232000   2.002718
 624      "ah-n+ey"    1    0.999942   0.999940   0.999940
 625     "iy-zh+ah"    1   14.042412  21.078043  45.878887
 626      "n-th+iy"    1    2.001026   1.000065   0.999956
 627         "aa+l"    1    3.940977   1.000861   4.257503
 628         "aa+r"    2   14.001975   7.877956  15.565790
 629         "aa-l"    1    3.771754  14.405487   6.625540
 630         "aa-p"    1    1.022820   7.786155  68.917183
 631       "b-uw+t"    1    2.006788  27.328629   1.017807
 632         "ae+b"    2    3.926509  17.442076  11.622504
 633         "ae+d"    1    0.999861   0.999861   0.999861
 634         "ae+f"    1    1.000003   0.999929   1.000824
 635         "ae+g"    1    0.999755   0.999748   0.999750
 636         "ae+k"    2   36.125641   9.834761  13.047905
 637         "ae+l"    2    5.146594   7.463927   9.536790
 638         "ae+m"    3    4.957211  12.000183   5.595150
 639         "ae-k"    1    1.083062   2.234011   1.639898
 640         "ae-n"    2   14.979923  48.927704  68.037338
 641      "ih-r+iy"    1    1.063463   1.720027  14.495481
 642      "uw-b+ah"    1    0.999999   1.000001   1.000035
 643     "er-ey+sh"    1    1.006875  22.089966   2.055992
 644      "r-ih+dh"    1    6.631157   5.088094   9.737181
 645      "ae-b+ah"    1    0.999999   1.909864   1.089148
 646      "r-ih+ng"    1    3.154091   9.206696   2.786347
 647         "ah+b"    5   18.789009  20.098269  13.054231
 648         "ah+g"    1    3.364836   1.006532   1.808394
 649         "ah+k"    2    7.283499  13.692225   7.827321
 650         "ah+n"    2    7.079188   5.724823  33.176884
 651         "ah+p"    1    4.018923  28.833935   1.067423
 652         "ah+v"    1    8.263012   1.068093   1.001057
 653         "ah-l"   23   76.193710 189.027863 191.114182
 654         "ah-m"    1    1.013244   1.364799   1.012146
 655         "ah-n"   23   95.908882 382.229889 256.647552
 656         "ah-p"    1    1.036750   2.088237  29.761641
 657         "ah-s"    3   15.407857  38.959702  36.181721
 658         "ah-t"    2    7.040483  15.314145   8.946442
 659         "ah-z"    1    1.005766   0.999900   0.999898
 660      "eh-l+ah"    1    1.019299   0.999983   0.999797
 661      "hh-ow+m"    1    4.029358  20.968309   1.093310
 662      "dh-ah+m"    2    2.003301   3.647168  11.067163
 663        "dh-er"    5  129.694382   6.457471  50.313736
 664        "dh-ow"    1    1.105702  16.024250   9.766037
 665         "iy+m"    1    4.994667  13.851212   1.176155
 666       "b-eh+l"    1    2.572889  10.530431   1.012506
 667       "b-eh+n"    1    2.150071   5.013391  34.069374
 668         "iy-m"    1    1.000043   1.000821   1.000055
 669         "iy-v"    7   15.958308  27.700132 167.549942
 670       "r-th+r"    1    1.017568   0.999994   0.999994
 671      "r-iy+ah"    2    2.260025   1.999607   7.311922
 672         "ao+l"    3   13.007899   4.174263  13.825660
 673         "ao-l"    5    9.500787  12.734130  38.529873
 674         "ao-r"    5   31.939037   6.435135  11.652414
 675       "uh-d+s"    1    0.999989   0.999989   0.999989
 676      "m-eh+zh"    2    9.962918  19.527878   5.807604
